      1.4000000     -1.9681534     0.14491834    0.016825158     0.99141009
      1.4250000     -1.9643849     0.15384955    0.018638277     0.99034289
      1.4500000     -1.9603110     0.17482502    0.022156639     0.98917229
      1.4750000     -1.9558177     0.18416745    0.024375603     0.98787464
      1.5000000     -1.9511178     0.20130721    0.027966051     0.98649847
      1.5250000     -1.9458452     0.21392626    0.030444368     0.98494448
      1.5500000     -1.9405911     0.22556637    0.033614427     0.98337314
      1.5750000     -1.9345834     0.24150699    0.038000241     0.98156796
      1.6000000     -1.9282522     0.25844239    0.042586562     0.97961703
      1.6250000     -1.9214564     0.27881110    0.047828886     0.97752498
      1.6500000     -1.9142715     0.29780250    0.054690538     0.97525152
      1.6750000     -1.9064836     0.32540963    0.062015059     0.97277071
      1.7000000     -1.8981711     0.34476094    0.070201761     0.97005900
      1.7250000     -1.8893652     0.37281687    0.078845253     0.96719879
      1.7500000     -1.8800030     0.38895584    0.087902574     0.96402330
      1.7750000     -1.8700601     0.40669764    0.096598838     0.96065732
      1.8000000     -1.8590925     0.43906661     0.11283401     0.95676289
      1.8250000     -1.8478545     0.47002179     0.13025079     0.95274609
      1.8500000     -1.8361141     0.50162290     0.14979611     0.94848892
      1.8750000     -1.8232011     0.50609640     0.15930659     0.94363988
      1.9000000     -1.8095075     0.56572617     0.20224523     0.93828429
      1.9250000     -1.7952944     0.59539292     0.22718350     0.93274266
      1.9500000     -1.7794583     0.64188955     0.26754654     0.92608499
      1.9750000     -1.7630639     0.67130504     0.32179063     0.91914613
      2.0000000     -1.7454409     0.76310892     0.44110325     0.91084162
      2.0250000     -1.7269182     0.77495281     0.46517506     0.90264299
      2.0500000     -1.7066130     0.84100926     0.58167575     0.89258205
      2.0750000     -1.6849754     0.88997866     0.79314517     0.88123939
      2.1000000     -1.6616876     0.95853788     0.92823110     0.86839530
      2.1250000     -1.6374734      1.1123987      1.5881045     0.85352608
      2.1500000     -1.6101701      1.1316891      1.9682537     0.83525366
      2.1750000     -1.5805213      1.3457104      3.2233562     0.81360421
      2.2000000     -1.5469967      1.4573389      4.2358096     0.78589938
      2.2250000     -1.5047166      1.7255151      13.883285     0.73143332
      2.2500000     -1.4677179      1.6220067      12.199519     0.69425106
      2.2750000     -1.3993098      2.4505024      153.19843     0.48057988
      2.3000000     -1.3576363      1.9940940      141.35404     0.40665046
      2.3250000     -1.3014566      1.4061029      220.15441     0.10450493
      2.3500000     -1.2653369      1.2839958      55.362089    0.087618185
      2.3750000     -1.2348812      1.2499173      48.718602    0.066414470
      2.4000000     -1.2050531      1.1552348      18.676987    0.041084920
      2.4250000     -1.1771655      1.1037879      28.024126    0.050100015
      2.4500000     -1.1513161     0.99029487      14.957933    0.043308815
      2.4750000     -1.1293092     0.90393820      10.726088    0.035826685
      2.5000000     -1.1057289     0.85229765      7.9404662    0.031016595
      2.5250000     -1.0852522     0.82248267      8.1608012    0.029398325
      2.5500000     -1.0651578     0.77295407      5.1624515    0.026228825
      2.5750000     -1.0464005     0.74159072      4.5177737    0.024363300
      2.6000000     -1.0286842     0.70415710      5.1643755    0.023551000
