      1.4000000     -1.9681072     0.14624408    0.017189618     0.99139340
      1.5000000     -1.9510629     0.19609442    0.027206124     0.98647559
      1.6000000     -1.9282541     0.26748676    0.043679527     0.97961410
      1.7000000     -1.8983811     0.34548099    0.069319011     0.97016694
      1.8000000     -1.8590107     0.42832927     0.10970480     0.95674163
      1.9000000     -1.8093946     0.54854585     0.18761881     0.93831326
      2.0000000     -1.7456415     0.71932776     0.38349178     0.91138135
      2.1000000     -1.6618326      1.0230196      1.0433528     0.86874960
      2.2000000     -1.5468502      1.3818988      4.2561946     0.78558312
      2.3000000     -1.3572861      2.2611070      154.69215     0.36119492
      2.4000000     -1.2051886      1.2762247      48.936750    0.063049460
      2.5000000     -1.1065667     0.89288819      11.663538    0.036412805
