462.772785330861     
465.364374306340     
494.700431949665     
570.142405975168     
715.893881519861     
849.051513724477     
819.944542552600     
764.586011826926     
604.867427931619     
413.724238536128     
461.141875785631     
542.164266000700     
536.510229257512    
524.053072299263     
549.021325455813     
540.700982949748     
543.551908129050     
516.048579371970     
467.180330960718     
474.991097605920     
365.143678764654     
323.444317628176     
342.567455048180     
325.730427468749     
271.316264769000     
274.588482166362     
259.508337282736     
250.492321265432     
246.037054371187     
239.259034881144     
238.275215784016     
239.688774745953     
245.030591824062     
243.030420727153     
258.697169770165     
256.468544816499     
247.237327285510
252.249525073505     
270.113907869394     
296.196620491066     
317.463521283560     
315.036396744247     
300.703378689563     
297.435047846423     
289.059970753724     
280.077732704672     
275.353254063596     
274.773560037385
270.33474608228        
263.738415166245     
262.005952058101     
265.524620627073     
268.562566235396     
262.429499581338     
256.046188829428     
250.193588661013     
248.774616284418     
253.714935805487     
264.130808664594     
276.833310976749     
287.832069593381                     
