-1790.67600000000	
-1791.41100000000	
-1793.75800000000	
-1797.43700000000	
-1801.47900000000	
-1804.58100000000	
-1805.43200000000	
-1803.70600000000	
-1800.69200000000	
-1797.82100000000	
-1796.23400000000	
-1796.01200000000	
-1796.68100000000	
-1797.93000000000	
-1799.55400000000	
-1801.24800000000	
-1802.43300000000	
-1802.77800000000	
-1802.39000000000	
-1801.63100000000	
-1800.738
-1799.855
-1799.154
-1798.840
-1798.748
-1798.785
-1798.940
-1799.172
-1799.549
-1800.022
-1800.481
-1800.899
-1801.289
-1801.681
-1802.107
-1802.559
-1803.009
-1803.425 
-1803.789
-1804.102
-1804.370
-1804.614
-1804.876
