  23  43   5.2959200e-19
  24  42   2.5087000e-14
  24  43   1.9798000e-15
  24  44   0.0000000e+00
  24  45   6.2526700e-18
  24  46   0.0000000e+00
  25  41   1.0394800e-11
  25  42   2.6786700e-12
  25  43   5.5872200e-13
  25  44   9.7645200e-14
  25  45   1.1903100e-14
  25  46   0.0000000e+00
  25  47   2.0613900e-17
  25  48   1.7281400e-18
  26  40   5.3373500e-10
  26  41   3.4582800e-10
  26  42   2.6386900e-10
  26  43   1.2393800e-10
  26  44   4.7176500e-11
  26  45   5.6272000e-12
  26  46   9.7649300e-13
  26  47   5.9968500e-14
  26  48   0.0000000e+00
  26  49   1.7471600e-16
  26  50   0.0000000e+00
  27  39   8.1459500e-10
  27  40   1.6491800e-09
  27  41   2.9485300e-09
  27  42   4.7376400e-09
  27  43   4.6277000e-09
  27  44   2.0289900e-09
  27  45   9.2753900e-10
  27  46   2.1789200e-10
  27  47   2.1789200e-11
  27  48   2.7284700e-12
  27  49   1.2193900e-13
  27  50   6.0485000e-15
  27  51   4.1987500e-16
  28  38   2.3588300e-10
  28  39   1.0694700e-09
  28  40   5.7871200e-09
  28  41   2.0489800e-08
  28  42   6.3568400e-08
  28  43   6.6566900e-08
  28  44   1.0294900e-07
  28  45   6.2668800e-08
  28  46   2.3188500e-08
  28  47   7.9560400e-09
  28  48   1.3693200e-09
  28  49   2.0989000e-10
  28  50   1.9889700e-11
  28  51   1.8559600e-13
  28  52   1.0494800e-14
  28  53   0.0000000e+00
  28  54   0.0000000e+00
  29  37   1.8390900e-12
  29  38   2.9085500e-11
  29  39   3.7981200e-10
  29  40   4.2778700e-09
  29  41   2.9305450e-08
  29  42   9.3253600e-08
  29  43   3.1184500e-07
  29  44   6.1269500e-07
  29  45   5.5172600e-07
  29  46   6.6566900e-07
  29  47   3.0185000e-07
  29  48   1.7291400e-07
  29  49   4.4977600e-08
  29  50   2.8983700e-09
  29  51   2.5887100e-10
  29  52   2.2688700e-11
  29  53   3.9880200e-13
  29  54   1.6935800e-14
  29  55   0.0000000e+00
  30  36   1.8949600e-15
  30  37   7.1364500e-14
  30  38   3.4282900e-12
  30  39   9.9650400e-11
  30  40   2.3488300e-09
  30  41   1.7641250e-08
  30  42   1.7991100e-07
  30  43   7.7661400e-07
  30  44   2.1289400e-06
  30  45   5.7971200e-06
  30  46   8.6057200e-06
  30  47   1.2134000e-05
  30  48   1.1304400e-05
  30  49   1.9290400e-06
  30  50   6.5167600e-07
  30  51   1.5792100e-07
  30  52   1.0794600e-08
  30  53   5.8769100e-10
  30  54   1.8790700e-11
  30  55   3.4111200e-13
  30  56   0.0000000e+00
  31  36   0.0000000e+00
  31  37   8.3911400e-16
  31  38   6.9565400e-14
  31  39   4.4178000e-12
  31  40   1.2094000e-10
  31  41   3.0584800e-09
  31  42   4.4577800e-08
  31  43   2.8385870e-07
  31  44   2.3888100e-06
  31  45   7.7661400e-06
  31  46   3.3633300e-05
  31  47   7.1664300e-05
  31  48   4.0819700e-05
  31  49   3.4562800e-05
  31  50   3.0314900e-05
  31  51   5.5372500e-06
  31  52   1.2193900e-06
  31  53   1.1194400e-07
  31  54   5.3270100e-09
  31  55   1.5292400e-10
  31  56   1.7742300e-12
  31  57   5.8444900e-14
  31  58   0.0000000e+00
  32  37   0.0000000e+00
  32  38   0.0000000e+00
  32  39   6.8166100e-14
  32  40   6.3268500e-12
  32  41   2.4677710e-10
  32  42   5.6771800e-09
  32  43   1.1954090e-07
  32  44   1.2893600e-06
  32  45   1.2773690e-05
  32  46   8.3488500e-05
  32  47   1.0397830e-04
  32  48   2.7321400e-04
  32  49   4.9107600e-04
  32  50   3.4534800e-04
  32  51   2.0589800e-04
  32  52   7.1144600e-05
  32  53   1.0065000e-05
  32  54   1.1794100e-06
  32  55   6.1567600e-08
  32  56   2.7685600e-09
  32  57   2.1375600e-11
  32  58   1.3952400e-12
  32  59   0.0000000e+00
  33  39   0.0000000e+00
  33  40   3.7781200e-14
  33  41   2.3978100e-12
  33  42   1.9090500e-10
  33  43   5.4572900e-09
  33  44   1.9190500e-07
  33  45   3.0984600e-06
  33  46   1.2593700e-05
  33  47   7.4403000e-05
  33  48   4.6245000e-04
  33  49   6.2922700e-04
  33  50   1.2431000e-03
  33  51   1.0480990e-03
  33  52   5.6025100e-04
  33  53   1.8050000e-04
  33  54   3.8500800e-05
  33  55   5.0374900e-06
  33  56   3.3381300e-07
  33  57   1.5961400e-08
  33  58   8.5543100e-11
  33  59   3.6290700e-12
  33  60   4.9977500e-13
  33  61   0.0000000e+00
  33  62   0.0000000e+00
  34  40   0.0000000e+00
  34  41   2.3188500e-14
  34  42   2.5687200e-12
  34  43   2.4817650e-10
  34  44   1.4992500e-08
  34  45   1.5972080e-07
  34  46   3.3183500e-06
  34  47   4.9925150e-05
  34  48   2.1812100e-04
  34  49   1.0068290e-03
  34  50   2.5862500e-03
  34  51   3.3787400e-03
  34  52   3.7016600e-03
  34  53   2.0947100e-03
  34  54   1.0300000e-03
  34  55   1.9738200e-04
  34  56   3.3547300e-05
  34  57   2.9684300e-06
  34  58   1.7191000e-07
  34  59   1.7342800e-08
  34  60   8.6556900e-11
  34  61   2.8032900e-12
  34  62   0.0000000e+00
  35  42   0.0000000e+00
  35  43   1.4192900e-12
  35  44   5.8271000e-11
  35  45   3.3053540e-09
  35  46   1.8490800e-07
  35  47   2.0859630e-06
  35  48   3.5312400e-05
  35  49   2.2586780e-04
  35  50   9.8303100e-04
  35  51   2.4778700e-03
  35  52   4.6140000e-03
  35  53   5.4152100e-03
  35  54   3.7281900e-03
  35  55   1.7276500e-03
  35  56   5.8665800e-04
  35  57   9.9770400e-05
  35  58   1.2016600e-05
  35  59   6.4268000e-07
  35  60   4.3777700e-08
  35  61   5.9470400e-10
  35  62   8.0646700e-12
  35  63   2.1732300e-13
  35  64   0.0000000e+00
  35  65   0.0000000e+00
  36  43   0.0000000e+00
  36  44   3.4682700e-13
  36  45   5.3993190e-11
  36  46   2.3388400e-09
  36  47   1.1364350e-07
  36  48   2.7486300e-06
  36  49   3.3203450e-05
  36  50   2.9932100e-04
  36  51   1.3868000e-03
  36  52   5.2445800e-03
  36  53   8.4882400e-03
  36  54   1.3276800e-02
  36  55   1.1069100e-02
  36  56   6.9707000e-03
  36  57   2.3487800e-03
  36  58   5.0590800e-04
  36  59   6.7402700e-05
  36  60   5.5372500e-06
  36  61   2.7985300e-07
  36  62   1.0294700e-08
  36  63   3.6532000e-11
  36  64   2.6187000e-12
  36  65   0.0000000e+00
  36  66   0.0000000e+00
  37  44   0.0000000e+00
  37  45   0.0000000e+00
  37  46   9.9050700e-12
  37  47   7.3365650e-10
  37  48   3.4482800e-08
  37  49   8.8356000e-07
  37  50   1.6182000e-05
  37  51   1.6212900e-04
  37  52   9.3710400e-04
  37  53   3.5335260e-03
  37  54   9.4247600e-03
  37  55   1.4049900e-02
  37  56   1.6196700e-02
  37  57   9.0610100e-03
  37  58   4.4677100e-03
  37  59   1.0154700e-03
  37  60   1.9803100e-04
  37  61   2.0509800e-05
  37  62   5.7050500e-07
  37  63   5.8470900e-08
  37  64   3.0098500e-10
  37  65   1.3714500e-11
  37  66   1.5678200e-12
  37  67   0.0000000e+00
  37  68   0.0000000e+00
  38  45   0.0000000e+00
  38  46   1.7391300e-14
  38  47   2.7086570e-12
  38  48   2.8585800e-10
  38  49   1.5802100e-08
  38  50   6.3468400e-07
  38  51   1.0564700e-05
  38  52   1.5324400e-04
  38  53   1.0456500e-03
  38  54   5.3927400e-03
  38  55   1.4743200e-02
  38  56   2.7126800e-02
  38  57   3.1505200e-02
  38  58   2.4532500e-02
  38  59   1.2073200e-02
  38  60   4.5841600e-03
  38  61   8.7838200e-04
  38  62   1.3442300e-04
  38  63   1.0444500e-05
  38  64   6.4966300e-07
  38  65   5.4404900e-08
  38  66   4.9075600e-10
  38  67   7.4730800e-12
  38  68   7.0302100e-13
  38  69   0.0000000e+00
  39  47   0.0000000e+00
  39  48   1.4307200e-14
  39  49   4.8375900e-11
  39  50   3.4063050e-09
  39  51   1.4792640e-07
  39  52   3.9780180e-06
  39  53   5.8051100e-05
  39  54   5.9822260e-04
  39  55   2.7951200e-03
  39  56   1.0653200e-02
  39  57   1.9079980e-02
  39  58   2.9452580e-02
  39  59   2.6116160e-02
  39  60   1.6606100e-02
  39  61   7.5404390e-03
  39  62   1.8332800e-03
  39  63   3.1411400e-04
  39  64   3.7696800e-05
  39  65   2.4987600e-06
  39  66   1.1670400e-07
  39  67   8.0424700e-09
  39  68   1.3538800e-11
  39  69   3.7556700e-13
  39  70   0.0000000e+00
  40  48   0.0000000e+00
  40  49   5.3050800e-14
  40  50   1.4992570e-11
  40  51   1.1994000e-09
  40  52   7.3563400e-08
  40  53   2.2388900e-06
  40  54   4.1789200e-05
  40  55   4.2634800e-04
  40  56   2.7055100e-03
  40  57   9.8441200e-03
  40  58   2.7500800e-02
  40  59   3.8252900e-02
  40  60   4.7760000e-02
  40  61   3.1070600e-02
  40  62   1.8506600e-02
  40  63   5.6516400e-03
  40  64   1.3678300e-03
  40  65   1.7968400e-04
  40  66   1.6903600e-05
  40  67   4.6980900e-07
  40  68   1.7790800e-08
  40  69   0.0000000e+00
  40  70   0.0000000e+00
  40  71   0.0000000e+00
  40  72   0.0000000e+00
  41  49   0.0000000e+00
  41  50   0.0000000e+00
  41  51   6.0269600e-13
  41  52   2.2828680e-10
  41  53   1.2943560e-08
  41  54   5.3173530e-07
  41  55   9.5552500e-06
  41  56   1.2841620e-04
  41  57   9.1482500e-04
  41  58   4.1727100e-03
  41  59   1.2057860e-02
  41  60   2.3924600e-02
  41  61   3.2054860e-02
  41  62   3.0728800e-02
  41  63   1.7556730e-02
  41  64   7.9417100e-03
  41  65   1.9827600e-03
  41  66   3.2552800e-04
  41  67   2.4537800e-05
  41  68   8.4358000e-12
  41  69   7.5962200e-14
  41  70   4.9548600e-16
  41  71   9.6872800e-18
  41  72   1.4306200e-17
  41  73   8.9882900e-13
  41  74   4.1052000e-14
  42  50   0.0000000e+00
  42  51   0.0000000e+00
  42  52   4.0879700e-13
  42  53   5.0374900e-11
  42  54   3.7281500e-09
  42  55   1.4192900e-07
  42  56   3.9180500e-06
  42  57   4.7036600e-05
  42  58   4.9405400e-04
  42  59   2.3820900e-03
  42  60   1.0552700e-02
  42  61   2.2501200e-02
  42  62   3.9027300e-02
  42  63   3.9070700e-02
  42  64   3.1944000e-02
  42  65   1.3366600e-02
  42  66   3.8521600e-03
  42  67   1.3013500e-05
  42  68   7.8461000e-07
  42  69   1.4792600e-08
  42  70   3.9480400e-10
  42  71   4.2710800e-10
  42  72   4.2577900e-08
  42  73   1.4245500e-09
  42  74   2.3488300e-12
  42  75   2.5507100e-14
  43  52   0.0000000e+00
  43  53   0.0000000e+00
  43  54   4.1179550e-12
  43  55   3.2783700e-10
  43  56   1.5182400e-08
  43  57   4.4877700e-07
  43  58   8.0460000e-06
  43  59   9.5352600e-05
  43  60   7.0619900e-04
  43  61   2.9238700e-03
  43  62   9.2590400e-03
  43  63   1.7094100e-02
  43  64   2.2883000e-02
  43  65   1.5991200e-02
  43  66   6.1841200e-03
  43  67   1.5430200e-03
  43  68   1.6450800e-04
  43  69   1.8540800e-05
  43  70   2.4083700e-06
  43  71   1.1904100e-05
  43  72   9.8705900e-07
  43  73   1.3993000e-08
  43  74   3.9833400e-10
  43  75   6.2875800e-13
  43  76   1.8001500e-14
  43  77   0.0000000e+00
  44  54   0.0000000e+00
  44  55   3.5882200e-13
  44  56   4.2878700e-11
  44  57   2.1389400e-09
  44  58   9.9950300e-08
  44  59   2.0190000e-06
  44  60   3.0704700e-05
  44  61   2.4904600e-04
  44  62   1.6144400e-03
  44  63   5.3278500e-03
  44  64   1.2491600e-02
  44  65   1.5150220e-02
  44  66   1.2706000e-02
  44  67   3.4785300e-03
  44  68   1.5957900e-03
  44  69   6.4199100e-04
  44  70   4.2327900e-04
  44  71   7.7252600e-05
  44  72   8.8955700e-06
  44  73   6.1329600e-07
  44  74   2.9784600e-08
  44  75   6.2467100e-10
  44  76   4.6876700e-12
  44  77   3.2639300e-14
  44  78   0.0000000e+00
  44  79   0.0000000e+00
  44  80   0.0000000e+00
  45  55   0.0000000e+00
  45  56   9.4956800e-15
  45  57   1.9770180e-12
  45  58   1.5502300e-10
  45  59   6.5567400e-09
  45  60   2.0229980e-07
  45  61   3.6381900e-06
  45  62   4.6327000e-05
  45  63   2.9735170e-04
  45  64   1.2525800e-04
  45  65   3.4235010e-04
  45  66   3.4928600e-04
  45  67   3.8136000e-04
  45  68   4.5178500e-04
  45  69   4.6638800e-04
  45  70   3.7309400e-04
  45  71   1.3108500e-04
  45  72   4.0679800e-05
  45  73   6.7566400e-06
  45  74   6.9965200e-07
  45  75   1.9790200e-08
  45  76   5.0971300e-10
  45  77   6.3368500e-12
  45  78   5.9570400e-14
  45  79   0.0000000e+00
  45  80   0.0000000e+00
  45  81   0.0000000e+00
  45  82   0.0000000e+00
  45  83   0.0000000e+00
  46  56   0.0000000e+00
  46  57   0.0000000e+00
  46  58   1.4192900e-13
  46  59   1.2393800e-11
  46  60   8.9055700e-10
  46  61   3.3383400e-08
  46  62   8.8655900e-07
  46  63   1.2213920e-09
  46  64   2.1389400e-08
  46  65   8.9755300e-08
  46  66   5.3673300e-07
  46  67   2.1789200e-06
  46  68   9.5982300e-05
  46  69   2.4103000e-04
  46  70   3.3047600e-04
  46  71   2.8727700e-04
  46  72   1.9797200e-04
  46  73   6.5697300e-05
  46  74   9.0455000e-06
  46  75   8.2658900e-07
  46  76   5.2074100e-08
  46  77   1.7591200e-09
  46  78   0.0000000e+00
  46  79   0.0000000e+00
  46  80   0.0000000e+00
  46  81   0.0000000e+00
  46  82   0.0000000e+00
  46  83   0.0000000e+00
  46  84   1.2293900e-14
  46  85   0.0000000e+00
  47  58   0.0000000e+00
  47  59   0.0000000e+00
  47  60   6.2039110e-13
  47  61   5.0974600e-11
  47  62   0.0000000e+00
  47  63   0.0000000e+00
  47  64   0.0000000e+00
  47  65   1.5692200e-13
  47  66   3.6301960e-12
  47  67   5.1274500e-07
  47  68   6.5767250e-06
  47  69   2.8245940e-05
  47  70   9.7031700e-05
  47  71   1.8316840e-04
  47  72   2.3539300e-04
  47  73   9.8511000e-05
  47  74   3.9820200e-05
  47  75   8.4657900e-06
  47  76   1.3593200e-06
  47  77   1.6391800e-11
  47  78   1.4192900e-12
  47  79   1.5892100e-13
  47  80   2.1489300e-14
  47  81   0.0000000e+00
  47  82   2.4104700e-16
  47  83   8.0859800e-10
  47  84   1.0887300e-11
  47  85   2.8695000e-13
  47  86   0.0000000e+00
  48  60   0.0000000e+00
  48  61   0.0000000e+00
  48  62   0.0000000e+00
  48  63   0.0000000e+00
  48  64   0.0000000e+00
  48  65   0.0000000e+00
  48  66   3.0984600e-10
  48  67   1.6101970e-08
  48  68   3.4382900e-07
  48  69   3.8810700e-06
  48  70   3.1314400e-05
  48  71   1.1528260e-04
  48  72   1.8877600e-04
  48  73   2.1158430e-04
  48  74   1.8359900e-04
  48  75   9.0465000e-05
  48  76   4.2179000e-06
  48  77   9.9650400e-07
  48  78   4.6476900e-07
  48  79   1.8790700e-07
  48  80   4.4577800e-08
  48  81   7.1964200e-09
  48  82   5.3373400e-06
  48  83   3.7780100e-07
  48  84   1.3592900e-08
  48  85   9.8557900e-11
  48  86   1.2793600e-12
  48  87   0.0000000e+00
  48  88   0.0000000e+00
  49  61   0.0000000e+00
  49  62   0.0000000e+00
  49  63   0.0000000e+00
  49  64   0.0000000e+00
  49  65   0.0000000e+00
  49  66   1.0584730e-12
  49  67   8.5757400e-11
  49  68   4.8485850e-09
  49  69   1.3593250e-07
  49  70   2.3078560e-06
  49  71   1.6045340e-05
  49  72   5.4113100e-05
  49  73   1.7223480e-04
  49  74   2.3819100e-04
  49  75   3.1151500e-04
  49  76   2.3650240e-04
  49  77   2.8637800e-04
  49  78   4.3676240e-04
  49  79   3.1127500e-04
  49  80   2.3246430e-04
  49  81   9.3908100e-04
  49  82   2.1463630e-04
  49  83   2.3158500e-05
  49  84   1.5391300e-06
  49  85   3.5682300e-08
  49  86   1.3738800e-10
  49  87   3.1384400e-12
  49  88   0.0000000e+00
  49  89   0.0000000e+00
  50  63   0.0000000e+00
  50  64   0.0000000e+00
  50  65   0.0000000e+00
  50  66   0.0000000e+00
  50  67   4.5877200e-13
  50  68   6.6067100e-11
  50  69   4.0489830e-09
  50  70   1.0594700e-07
  50  71   1.5892080e-06
  50  72   1.6451800e-05
  50  73   8.5977200e-05
  50  74   2.9021600e-04
  50  75   3.6796700e-04
  50  76   1.0913100e-03
  50  77   3.0499270e-03
  50  78   6.2218600e-03
  50  79   1.1062240e-02
  50  80   1.2633810e-02
  50  81   9.5841300e-03
  50  82   4.4666000e-03
  50  83   9.3820300e-04
  50  84   1.0177900e-04
  50  85   4.7674900e-06
  50  86   1.4492800e-07
  50  87   2.4287900e-09
  50  88   2.9285400e-11
  50  89   6.6558600e-13
  50  90   0.0000000e+00
  51  65   0.0000000e+00
  51  66   0.0000000e+00
  51  67   0.0000000e+00
  51  68   1.8790700e-13
  51  69   1.8780610e-11
  51  70   1.4192900e-09
  51  71   5.1474400e-08
  51  72   1.2193900e-06
  51  73   3.7981210e-07
  51  74   1.5792100e-06
  51  75   1.4732640e-05
  51  76   9.6901800e-05
  51  77   4.2991600e-04
  51  78   1.9896920e-03
  51  79   7.4687600e-03
  51  80   1.8611700e-02
  51  81   2.2289930e-02
  51  82   1.8221800e-02
  51  83   6.0602000e-03
  51  84   1.2723100e-03
  51  85   1.2576700e-04
  51  86   9.1254600e-06
  51  87   3.3683200e-07
  51  88   1.0394100e-08
  51  89   5.5280100e-11
  51  90   4.2717500e-12
  51  91   4.7895400e-14
  51  92   0.0000000e+00
  52  67   0.0000000e+00
  52  68   0.0000000e+00
  52  69   9.4752900e-14
  52  70   1.7791100e-11
  52  71   1.4812660e-09
  52  72   6.1969200e-13
  52  73   7.0764800e-12
  52  74   2.0489800e-10
  52  75   5.1274500e-09
  52  76   9.6751900e-08
  52  77   1.6061970e-06
  52  78   7.8670900e-04
  52  79   4.9340300e-03
  52  80   2.0746800e-02
  52  81   4.3064400e-02
  52  82   5.3090500e-02
  52  83   3.1593400e-02
  52  84   1.2764100e-02
  52  85   2.7012900e-03
  52  86   4.0678800e-04
  52  87   3.6631800e-05
  52  88   2.6186400e-06
  52  89   1.4823400e-07
  52  90   2.2688200e-09
  52  91   1.3809900e-11
  52  92   1.3516200e-12
  52  93   0.0000000e+00
  53  69   0.0000000e+00
  53  70   4.7276500e-14
  53  71   0.0000000e+00
  53  72   0.0000000e+00
  53  73   0.0000000e+00
  53  74   0.0000000e+00
  53  75   0.0000000e+00
  53  76   3.1984100e-13
  53  77   1.9990030e-06
  53  78   4.9615300e-05
  53  79   6.0015100e-04
  53  80   4.8212900e-03
  53  81   1.6009950e-02
  53  82   3.4457300e-02
  53  83   3.5859800e-02
  53  84   2.7129700e-02
  53  85   1.0812000e-02
  53  86   3.6572500e-03
  53  87   7.1093600e-04
  53  88   1.0271100e-04
  53  89   6.7866200e-06
  53  90   2.1566500e-07
  53  91   1.5462300e-08
  53  92   5.0404200e-11
  53  93   1.3735700e-12
  53  94   5.2562100e-13
  53  95   0.0000000e+00
  54  71   0.0000000e+00
  54  72   0.0000000e+00
  54  73   0.0000000e+00
  54  74   0.0000000e+00
  54  75   0.0000000e+00
  54  76   5.5372500e-10
  54  77   4.1679200e-08
  54  78   2.2089000e-06
  54  79   5.5962100e-05
  54  80   7.9920300e-04
  54  81   4.9985300e-03
  54  82   1.9213200e-02
  54  83   3.5124100e-02
  54  84   4.6117000e-02
  54  85   3.7259500e-02
  54  86   2.4575700e-02
  54  87   9.1118000e-03
  54  88   2.2331900e-03
  54  89   3.3204930e-04
  54  90   3.2498300e-05
  54  91   1.7490800e-06
  54  92   6.5066200e-08
  54  93   1.8239600e-08
  54  94   1.5892100e-11
  54  95   5.1346600e-13
  54  96   0.0000000e+00
  55  73   0.0000000e+00
  55  74   0.0000000e+00
  55  75   0.0000000e+00
  55  76   9.0754900e-13
  55  77   1.5792100e-10
  55  78   1.8590800e-08
  55  79   8.9855300e-07
  55  80   2.5617240e-05
  55  81   2.9957100e-04
  55  82   2.0803200e-03
  55  83   6.8290000e-03
  55  84   1.7882300e-02
  55  85   2.6416700e-02
  55  86   3.1003600e-02
  55  87   1.8020700e-02
  55  88   9.2980500e-03
  55  89   2.4471800e-03
  55  90   4.9615300e-04
  55  91   5.2973600e-05
  55  92   1.2638100e-05
  55  93   1.5092500e-07
  55  94   8.0185700e-09
  55  95   6.5367500e-11
  55  96   9.3106000e-13
  55  97   1.0887200e-14
  56  75   0.0000000e+00
  56  76   0.0000000e+00
  56  77   2.4846900e-14
  56  78   1.0694700e-10
  56  79   1.0594730e-08
  56  80   5.6471900e-07
  56  81   1.1864100e-05
  56  82   1.5340400e-04
  56  83   1.0580900e-03
  56  84   5.2951500e-03
  56  85   1.4433900e-02
  56  86   2.6239500e-02
  56  87   3.0442100e-02
  56  88   2.6449100e-02
  56  89   1.3021600e-02
  56  90   5.0748800e-03
  56  91   9.8912500e-04
  56  92   1.5209400e-04
  56  93   1.2345900e-05
  56  94   7.5662400e-07
  56  95   3.2308800e-08
  56  96   5.1573200e-10
  56  97   3.5711200e-12
  56  98   4.8775700e-14
  57  76   0.0000000e+00
  57  77   0.0000000e+00
  57  78   1.1094500e-13
  57  79   0.0000000e+00
  57  80   1.8690700e-09
  57  81   7.3263600e-08
  57  82   2.0190000e-06
  57  83   2.7466300e-05
  57  84   2.7304400e-04
  57  85   1.2453300e-03
  57  86   4.7865300e-03
  57  87   9.7424600e-03
  57  88   1.4935900e-02
  57  89   1.3555750e-02
  57  90   9.0335500e-03
  57  91   3.4110900e-03
  57  92   1.0336800e-03
  57  93   1.7135500e-04
  57  94   2.2386600e-05
  57  95   1.3193400e-06
  57  96   5.5768700e-08
  57  97   1.3993000e-09
  57  98   7.0277800e-12
  57  99   1.4748400e-13
  57 100   3.7731100e-15
  58  77   0.0000000e+00
  58  78   0.0000000e+00
  58  79   1.8276700e-15
  58  80   3.5982100e-12
  58  81   2.9695200e-10
  58  82   1.6092000e-08
  58  83   4.5077600e-07
  58  84   7.8860800e-06
  58  85   8.1199600e-05
  58  86   6.0831700e-04
  58  87   2.2836500e-03
  58  88   6.8966700e-03
  58  89   1.0623300e-02
  58  90   1.2526400e-02
  58  91   8.9961200e-03
  58  92   5.0195100e-03
  58  93   1.6703200e-03
  58  94   3.7433400e-04
  58  95   4.3378400e-05
  58  96   4.1279500e-06
  58  97   2.4387200e-07
  58  98   6.9863700e-09
  58  99   1.3093100e-10
  58 100   1.7691200e-12
  58 101   2.1503500e-14
  58 102   0.0000000e+00
  59  79   0.0000000e+00
  59  80   0.0000000e+00
  59  81   1.7391300e-13
  59  82   1.9690200e-11
  59  83   9.9150700e-10
  59  84   4.0379900e-08
  59  85   8.7286540e-07
  59  86   1.2413800e-05
  59  87   1.0157900e-04
  59  88   5.6248000e-04
  59  89   1.5852460e-03
  59  90   3.7142100e-03
  59  91   4.6440900e-03
  59  92   4.8716300e-03
  59  93   2.6406200e-03
  59  94   1.0543900e-03
  59  95   2.5325400e-04
  59  96   5.5932200e-05
  59  97   4.4477900e-06
  59  98   3.2883600e-07
  59  99   1.2693700e-08
  59 100   3.3581200e-10
  59 101   3.7081600e-12
  59 102   1.9441600e-14
  59 103   6.4352800e-17
  60  81   0.0000000e+00
  60  82   1.2493800e-14
  60  83   1.4892600e-12
  60  84   1.3293400e-10
  60  85   5.4373000e-09
  60  86   1.7991100e-07
  60  87   2.8485800e-06
  60  88   2.9925100e-05
  60  89   1.8598700e-04
  60  90   7.9397500e-04
  60  91   1.9474100e-03
  60  92   3.3985100e-03
  60  93   3.0451800e-03
  60  94   2.2802900e-03
  60  95   1.2111900e-03
  60  96   3.3890100e-04
  60  97   6.6107100e-05
  60  98   9.7151700e-06
  60  99   7.1864300e-07
  60 100   3.1384400e-08
  60 101   6.7464500e-10
  60 102   3.0484200e-12
  60 103   4.5177500e-14
  60 104   0.0000000e+00
  61  83   0.0000000e+00
  61  84   6.0969700e-14
  61  85   6.0669800e-12
  61  86   3.9580300e-10
  61  87   1.1864100e-08
  61  88   2.9585300e-07
  61  89   3.4482800e-06
  61  90   3.1044600e-05
  61  91   1.4060990e-04
  61  92   4.2027100e-04
  61  93   7.0424970e-04
  61  94   1.1666900e-03
  61  95   7.3767300e-04
  61  96   4.6838700e-04
  61  97   1.6925600e-04
  61  98   4.4907700e-05
  61  99   5.2673800e-06
  61 100   4.2179000e-07
  61 101   5.3773200e-09
  61 102   3.0784700e-10
  61 103   4.2978600e-12
  61 104   4.9872000e-14
  61 105   2.5108100e-16
  62  84   0.0000000e+00
  62  85   0.0000000e+00
  62  86   4.8276000e-13
  62  87   3.6082100e-11
  62  88   1.6791600e-09
  62  89   4.2578800e-08
  62  90   7.6661900e-07
  62  91   6.1669300e-06
  62  92   3.6152000e-05
  62  93   1.4801600e-04
  62  94   3.0606800e-04
  62  95   4.4025100e-04
  62  96   4.9583300e-04
  62  97   3.0105000e-04
  62  98   1.1744200e-04
  62  99   2.2958600e-05
  62 100   1.0694700e-06
  62 101   1.6092000e-07
  62 102   8.4657900e-09
  62 103   2.7086500e-10
  62 104   1.1893800e-11
  62 105   1.5791600e-13
  62 106   0.0000000e+00
  63  86   0.0000000e+00
  63  87   0.0000000e+00
  63  88   1.5392300e-12
  63  89   8.2359110e-11
  63  90   2.6286900e-09
  63  91   4.1879100e-08
  63  92   6.5367500e-07
  63  93   3.5882200e-06
  63  94   1.8220900e-05
  63  95   4.9615300e-05
  63  96   9.6681900e-05
  63  97   8.4707900e-05
  63  98   5.0584800e-05
  63  99   5.4672800e-06
  63 100   2.7286400e-06
  63 101   3.5582300e-07
  63 102   4.0879700e-08
  63 103   4.6476900e-09
  63 104   2.3288400e-10
  63 105   6.3868200e-12
  63 106   1.4292000e-13
  63 107   1.4804400e-15
  64  87   0.0000000e+00
  64  88   0.0000000e+00
  64  89   8.2558900e-14
  64  90   5.1474400e-12
  64  91   2.3088500e-10
  64  92   4.9775200e-09
  64  93   7.0365000e-08
  64  94   7.1964200e-07
  64  95   3.6581800e-06
  64  96   1.1084500e-05
  64  97   1.5262400e-05
  64  98   5.2174000e-06
  64  99   5.6871700e-06
  64 100   2.2888600e-06
  64 101   6.0569900e-07
  64 102   2.2488800e-07
  64 103   2.8385900e-08
  64 104   2.8285900e-09
  64 105   1.6991500e-10
  64 106   5.3273500e-12
  64 107   8.6754300e-14
  64 108   1.5208300e-15
  65  89   0.0000000e+00
  65  90   0.0000000e+00
  65  91   6.4317970e-14
  65  92   7.3963200e-12
  65  93   2.1649270e-10
  65  94   4.2978600e-09
  65  95   3.5782200e-08
  65  96   1.7691200e-07
  65  97   1.5532300e-07
  65  98   5.5772300e-07
  65  99   5.0874700e-07
  65 100   4.1179500e-07
  65 101   3.2583800e-07
  65 102   1.2893600e-07
  65 103   2.9985100e-08
  65 104   6.1469400e-09
  65 105   4.9275500e-10
  65 106   2.9485300e-11
  65 107   1.2593700e-12
  66  91   0.0000000e+00
  66  92   0.0000000e+00
  66  93   3.8181000e-13
  66  94   1.2693700e-11
  66  95   1.7391300e-10
  66  96   5.8970700e-10
  66  97   5.5872200e-09
  66  98   1.8091000e-08
  66  99   3.5842210e-08
  66 100   8.9555400e-08
  66 101   7.9060700e-08
  66 102   5.6072100e-08
  66 103   2.5287400e-08
  66 104   6.4068100e-09
  66 105   9.1554500e-10
  66 106   1.3493300e-10
  67  93   0.0000000e+00
  67  94   0.0000000e+00
  67  95   4.3578300e-14
  67  96   1.5962050e-12
  67  97   1.4112980e-11
  67  98   1.0394800e-10
  67  99   6.5967200e-10
  67 100   2.0389900e-09
  67 101   3.4782700e-09
  67 102   5.0175000e-09
  67 103   2.8186010e-09
  67 104   1.2193900e-09
  67 105   3.9980100e-10
  68  95   0.0000000e+00
  68  96   0.0000000e+00
  68  97   2.3688200e-14
  68  98   5.5972200e-13
  68  99   4.7096540e-12
  68 100   2.9685200e-11
  68 101   1.0994500e-10
  68 102   2.1289400e-10
  68 103   2.1889100e-10
  68 104   2.2488800e-10
  69  97   0.0000000e+00
  69  98   0.0000000e+00
  69  99   5.5047300e-15
  69 100   7.2464000e-14
  69 101   3.7781200e-13
  69 102   1.4192900e-12
  69 103   3.7181500e-12
  70  98   0.0000000e+00
  70  99   0.0000000e+00
  70 100   0.0000000e+00
  70 101   8.5857700e-16
  70 102   8.3160500e-15
  71 101   0.0000000e+00
