       23         43    0.16927  
       24         42   0.381793  
       24         43   0.331665  
       24         44          0  
       24         45   0.218003  
       24         46          0  
       25         41   0.500764  
       25         42   0.473996  
       25         43   0.443054  
       25         44    0.40862  
       25         45   0.367075  
       25         46          0  
       25         47   0.241553  
       25         48   0.192617  
       26         40   0.578515  
       26         41   0.569948  
       26         42   0.564609  
       26         43   0.549691  
       26         44   0.530624  
       26         45    0.48865  
       26         46   0.454076  
       26         47   0.398997  
       26         48          0  
       26         49   0.283742  
       26         50          0  
       27         39   0.586861  
       27         40   0.600785  
       27         41   0.612255  
       27         42   0.621616  
       27         43   0.621153  
       27         44   0.604876  
       27         45   0.589424  
       27         46   0.560829  
       27         47   0.515375  
       27         48    0.47436  
       27         49   0.413006  
       27         50   0.353711  
       27         51   0.301051  
       28         38   0.562395  
       28         39   0.592235  
       28         40   0.625566  
       28         41   0.650524  
       28         42   0.672875  
       28         43   0.673784  
       28         44   0.682392  
       28         45   0.672593  
       28         46   0.652967  
       28         47    0.63185  
       28         48   0.597114  
       28         49   0.560091  
       28         50   0.513574  
       28         51   0.421299  
       28         52    0.36459  
       28         53          0  
       28         54          0  
       29         37   0.466573  
       29         38   0.521076  
       29         39   0.571799  
       29         40   0.619601  
       29         41   0.657589  
       29         42   0.680439  
       29         43    0.70427  
       29         44   0.717602  
       29         45   0.715533  
       29         46   0.719239  
       29         47   0.703627  
       29         48   0.692629  
       29         49   0.666045  
       29         50   0.611916  
       29         51   0.564231  
       29         52   0.516173  
       29         53   0.436398  
       29         54   0.374037  
       29         55          0  
       30         36     0.3308  
       30         37   0.402431  
       30         38   0.478867  
       30         39   0.545385  
       30         40   0.607766  
       30         41    0.64757  
       30         42   0.693412  
       30         43   0.722282  
       30         44   0.742189  
       30         45   0.761964  
       30         46   0.769763  
       30         47   0.776546  
       30         48   0.775148  
       30         49   0.740243  
       30         50    0.71882  
       30         51   0.690838  
       30         52   0.637873  
       30         53   0.580416  
       30         54   0.512452  
       30         55   0.433313  
       30         56          0  
       31         36          0  
       31         37   0.314719  
       31         38   0.401927  
       31         39   0.483873  
       31         40   0.549208  
       31         41   0.612978  
       31         42   0.665869  
       31         43   0.702414  
       31         44   0.744463  
       31         45   0.767737  
       31         46   0.796671  
       31         47   0.811605  
       31         48   0.800494  
       31         49   0.797209  
       31         50   0.794621  
       31         51   0.761059  
       31         52   0.731188  
       31         53   0.684045  
       31         54   0.623931  
       31         55    0.55384  
       31         56   0.465864  
       31         57   0.398488  
       31         58          0  
       32         37          0  
       32         38          0  
       32         39   0.401526  
       32         40   0.490963  
       32         41   0.563287  
       32         42   0.625188  
       32         43   0.685342  
       32         44    0.73229  
       32         45    0.77756  
       32         46   0.814619  
       32         47   0.818952  
       32         48   0.838023  
       32         49   0.849598  
       32         50   0.842648  
       32         51   0.832439  
       32         52   0.811461  
       32         53   0.772855  
       32         54    0.73053  
       32         55   0.672243  
       32         56   0.611012  
       32         57   0.514996  
       32         58    0.46112  
       32         59          0  
       33         39          0  
       33         40   0.389876  
       33         41    0.47181  
       33         42   0.558219  
       33         43   0.624408  
       33         44   0.694686  
       33         45   0.749598  
       33         46    0.77728  
       33         47   0.812345  
       33         48   0.848412  
       33         49   0.854491  
       33         50   0.867932  
       33         51   0.864564  
       33         52   0.852199  
       33         53    0.82984  
       33         54    0.79934  
       33         55   0.759192  
       33         56   0.705614  
       33         57   0.645594  
       33         58   0.542372  
       33         59   0.479991  
       33         60   0.440853  
       33         61          0  
       33         62          0  
       34         40          0  
       34         41    0.38024  
       34         42   0.473169  
       34         43   0.563398  
       34         44   0.644358  
       34         45   0.691062  
       34         46   0.750951  
       34         47   0.804469  
       34         48   0.833577  
       34         49   0.863771  
       34         50   0.882394  
       34         51   0.887671  
       34         52   0.889473  
       34         53   0.878233  
       34         54    0.86422  
       34         55   0.831605  
       34         56   0.796621  
       34         57   0.748751  
       34         58   0.692514  
       34         59   0.647233  
       34         60   0.542605  
       34         61   0.474894  
       34         62          0  
       35         42          0  
       35         43   0.461458  
       35         44   0.534793  
       35         45    0.61451  
       35         46   0.693953  
       35         47   0.741787  
       35         48   0.797633  
       35         49   0.834266  
       35         50   0.863299  
       35         51   0.881549  
       35         52   0.893822  
       35         53   0.896983  
       35         54   0.889614  
       35         55    0.87443  
       35         56   0.853108  
       35         57   0.818136  
       35         58   0.776354  
       35         59   0.718545  
       35         60   0.665511  
       35         61    0.58065  
       35         62   0.495754  
       35         63   0.424414  
       35         64          0  
       35         65          0  
       36         43          0  
       36         44   0.433641  
       36         45   0.533288  
       36         46   0.607682  
       36         47   0.684343  
       36         48   0.747233  
       36         49   0.796417  
       36         50   0.839824  
       36         51   0.870092  
       36         52    0.89635  
       36         53   0.905855  
       36         54   0.914686  
       36         55   0.911096  
       36         56   0.901967  
       36         57   0.880493  
       36         58   0.850185  
       36         59   0.810394  
       36         60   0.761059  
       36         61   0.702133  
       36         62   0.636937  
       36         63   0.525576  
       36         64   0.473549  
       36         65          0  
       36         66          0  
       37         44          0  
       37         45          0  
       37         46   0.499812  
       37         47   0.584795  
       37         48     0.6608  
       37         49   0.724829  
       37         50   0.782229  
       37         51   0.827721  
       37         52   0.862354  
       37         53   0.888555  
       37         54   0.907921  
       37         55   0.915803  
       37         56    0.91861  
       37         57   0.907144  
       37         58   0.893186  
       37         59   0.863939  
       37         60    0.83167  
       37         61   0.786907  
       37         62   0.716194  
       37         63   0.671225  
       37         64   0.567207  
       37         65   0.506235  
       37         66   0.463423  
       37         67          0  
       37         68          0  
       38         45          0  
       38         46   0.374561  
       38         47   0.474216  
       38         48   0.566189  
       38         49   0.645396  
       38         50   0.718298  
       38         51   0.773812  
       38         52   0.826608  
       38         53   0.864518  
       38         54     0.8969  
       38         55   0.916754  
       38         56   0.928791  
       38         57   0.931745  
       38         58   0.926806  
       38         59    0.91281  
       38         60   0.893694  
       38         61   0.861077  
       38         62   0.824022  
       38         63   0.773586  
       38         64   0.718759  
       38         65   0.669802  
       38         66   0.576858  
       38         67    0.49425  
       38         68   0.447589  
       38         69          0  
       39         47          0  
       39         48   0.370707  
       39         49    0.53112  
       39         50   0.615104  
       39         51   0.689548  
       39         52    0.75453  
       39         53   0.807446  
       39         54   0.853494  
       39         55   0.883927  
       39         56    0.91034  
       39         57   0.921844  
       39         58   0.930415  
       39         59   0.928041  
       39         60   0.919103  
       39         61   0.903518  
       39         62   0.875601  
       39         63   0.840777  
       39         64   0.798923  
       39         65   0.745351  
       39         66   0.684868  
       39         67   0.632063  
       39         68   0.505981  
       39         69   0.435213  
       39         70          0  
       40         48          0  
       40         49   0.396577  
       40         50   0.507994  
       40         51   0.594498  
       40         52   0.675757  
       40         53   0.743183  
       40         54   0.800957  
       40         55   0.846807  
       40         56   0.883284  
       40         57   0.908781  
       40         58   0.929061  
       40         59   0.935576  
       40         60   0.939957  
       40         61    0.93147  
       40         62   0.921242  
       40         63   0.897826  
       40         64    0.86982  
       40         65    0.82975  
       40         66    0.78309  
       40         67    0.71236  
       40         68   0.647736  
       40         69          0  
       40         70          0  
       40         71          0  
       40         72          0  
       41         49          0  
       41         50          0  
       41         51    0.44455  
       41         52   0.561749  
       41         53   0.641457  
       41         54   0.714804  
       41         55   0.771829  
       41         56   0.823119  
       41         57   0.861879  
       41         58   0.891837  
       41         59   0.912785  
       41         60   0.926311  
       41         61   0.932086  
       41         62   0.931252  
       41         63   0.920202  
       41         64   0.904542  
       41         65   0.877149  
       41         66   0.841481  
       41         67   0.790447  
       41         68   0.496642  
       41         69   0.403664  
       41         70    0.30432  
       41         71   0.226646  
       41         72   0.234342  
       41         73    0.45244  
       41         74   0.391515  
       42         50          0  
       42         51          0  
       42         52   0.436887  
       42         53   0.531919  
       42         54   0.616886  
       42         55   0.688731  
       42         56    0.75423  
       42         57   0.803293  
       42         58   0.849717  
       42         59   0.880771  
       42         60   0.910153  
       42         61     0.9251  
       42         62   0.935971  
       42         63   0.935993  
       42         64   0.932018  
       42         65   0.914819  
       42         66   0.890259  
       42         67   0.777927  
       42         68   0.722484  
       42         69   0.644093  
       42         70   0.572563  
       42         71   0.574115  
       42         72   0.664963  
       42         73   0.597894  
       42         74   0.471402  
       42         75   0.382121  
       43         52          0  
       43         53          0  
       43         54   0.482486  
       43         55   0.568894  
       43         56   0.644606  
       43         57   0.711456  
       43         58   0.768435  
       43         59   0.817242  
       43         60   0.856769  
       43         61   0.884816  
       43         62   0.907571  
       43         63   0.919675  
       43         64   0.925432  
       43         65   0.918358  
       43         66   0.899604  
       43         67   0.872199  
       43         68   0.828009  
       43         69   0.784915  
       43         70   0.744624  
       43         71   0.776168  
       43         72   0.727016  
       43         73   0.642996  
       43         74   0.572739  
       43         75   0.445386  
       43         76   0.375241  
       43         77          0  
       44         54          0  
       44         55   0.434313  
       44         56   0.528738  
       44         57   0.605918  
       44         58   0.681808  
       44         59   0.741143  
       44         60   0.794873  
       44         61   0.836195  
       44         62   0.873092  
       44         63   0.896661  
       44         64   0.913483  
       44         65   0.917292  
       44         66   0.913819  
       44         67   0.888245  
       44         68   0.872863  
       44         69   0.854888  
       44         70   0.846665  
       44         71   0.813087  
       44         72   0.770417  
       44         73   0.717621  
       44         74   0.657909  
       44         75   0.581621  
       44         76   0.485044  
       44         77   0.386988  
       44         78          0  
       44         79          0  
       44         80          0  
       45         55          0  
       45         56   0.362615  
       45         57      0.468  
       45         58   0.554109  
       45         59   0.628031  
       45         60   0.695727  
       45         61   0.752768  
       45         62   0.802992  
       45         63   0.839694  
       45         64   0.822628  
       45         65   0.842476  
       45         66   0.842872  
       45         67   0.844606  
       45         68   0.847951  
       45         69   0.848579  
       45         70   0.844174  
       45         71   0.823525  
       45         72   0.800426  
       45         73   0.764988  
       45         74   0.720222  
       45         75   0.649839  
       45         76   0.577606  
       45         77   0.490994  
       45         78   0.398865  
       45         79          0  
       45         80          0  
       45         81          0  
       45         82          0  
       45         83          0  
       46         56          0  
       46         57          0  
       46         58   0.416003  
       46         59   0.504237  
       46         60   0.588621  
       46         61    0.66016  
       46         62   0.724896  
       46         63   0.594857  
       46         64   0.651373  
       46         65   0.679685  
       46         66   0.714989  
       46         67   0.742647  
       46         68   0.817372  
       46         69   0.835549  
       46         70   0.841779  
       46         71   0.839014  
       46         72   0.831664  
       46         73   0.809889  
       46         74   0.770747  
       46         75   0.723513  
       46         76   0.668937  
       46         77   0.602059  
       46         78          0  
       46         79          0  
       46         80          0  
       46         81          0  
       46         82          0  
       46         83          0  
       46         84   0.367713  
       46         85          0  
       47         58          0  
       47         59          0  
       47         60   0.445121  
       47         61   0.532152  
       47         62          0  
       47         63          0  
       47         64          0  
       47         65   0.417986  
       47         66   0.479997  
       47         67   0.714086  
       47         68   0.764455  
       47         69   0.793225  
       47         70   0.817587  
       47         71    0.83013  
       47         72   0.835082  
       47         73   0.817886  
       47         74   0.800005  
       47         75   0.769439  
       47         76   0.733333  
       47         77   0.509756  
       47         78   0.461458  
       47         79   0.418236  
       47         80   0.378737  
       47         81          0  
       47         82   0.290096  
       47         83   0.586715  
       47         84   0.501678  
       47         85     0.4299  
       47         86          0  
       48         60          0  
       48         61          0  
       48         62          0  
       48         63          0  
       48         64          0  
       48         65          0  
       48         66   0.567779  
       48         67   0.645767  
       48         68   0.706197  
       48         69   0.754043  
       48         70   0.795261  
       48         71   0.820989  
       48         72   0.830725  
       48         73   0.832977  
       48         74   0.830176  
       48         75   0.816204  
       48         76   0.755686  
       48         77   0.727204  
       48         78   0.712147  
       48         79    0.69427  
       48         80   0.665869  
       48         81   0.629869  
       48         82   0.760333  
       48         83   0.708057  
       48         84   0.642423  
       48         85   0.545168  
       48         86   0.459409  
       48         87          0  
       48         88          0  
       49         61          0  
       49         62          0  
       49         63          0  
       49         64          0  
       49         65          0  
       49         66   0.455667  
       49         67   0.542421  
       49         68   0.622073  
       49         69   0.687878  
       49         70   0.743782  
       49         71   0.782061  
       49         72   0.806059  
       49         73   0.828915  
       49         74   0.835315  
       49         75   0.840613  
       49         76   0.835174  
       49         77   0.838952  
       49         78   0.847284  
       49         79   0.840597  
       49         80   0.834834  
       49         81   0.862396  
       49         82   0.833259  
       49         83   0.789305  
       49         84   0.735785  
       49         85   0.661475  
       49         86   0.551725  
       49         87   0.477123  
       49         88          0  
       49         89          0  
       50         63          0  
       50         64          0  
       50         65          0  
       50         66          0  
       50         67   0.439163  
       50         68   0.537272  
       50         69   0.618516  
       50         70   0.682959  
       50         71   0.736417  
       50         72   0.782555  
       50         73   0.815199  
       50         74   0.839215  
       50         75     0.8439  
       50         76   0.865361  
       50         77    0.88565  
       50         78   0.899724  
       50         79   0.911084  
       50         80   0.913706  
       50         81   0.908252  
       50         82   0.893181  
       50         83   0.862377  
       50         84    0.81853  
       50         85   0.758104  
       50         86   0.689143  
       50         87   0.608427  
       50         88   0.521211  
       50         89   0.446509  
       50         90          0  
       51         65          0  
       51         66          0  
       51         67          0  
       51         68   0.421543  
       51         69   0.512441  
       51         70   0.597821  
       51         71   0.668709  
       51         72   0.731188  
       51         73   0.708162  
       51         74   0.736293  
       51         75   0.780376  
       51         76   0.817561  
       51         77   0.846972  
       51         78   0.877218  
       51         79   0.903329  
       51         80   0.921354  
       51         81   0.924914  
       51         82   0.920936  
       51         83   0.899204  
       51         84   0.868391  
       51         85   0.822708  
       51         86   0.770921  
       51         87   0.705792  
       51         88   0.637127  
       51         89   0.533753  
       51         90   0.483209  
       51         91   0.394559  
       51         92          0  
       52         67          0  
       52         68          0  
       52         69   0.408027  
       52         70   0.511373  
       52         71   0.598665  
       52         72   0.445099  
       52         73   0.493174  
       52         74   0.559615  
       52         75   0.623177  
       52         76   0.681166  
       52         77   0.736627  
       52         78   0.858901  
       52         79   0.895146  
       52         80   0.923498  
       52         81   0.937914  
       52         82   0.942046  
       52         83     0.9318  
       52         84   0.913909  
       52         85   0.883253  
       52         86    0.84588  
       52         87   0.798357  
       52         88   0.746276  
       52         89   0.689589  
       52         90   0.607082  
       52         91   0.506372  
       52         92   0.460493  
       52         93          0  
       53         69          0  
       53         70   0.394302  
       53         71          0  
       53         72          0  
       53         73          0  
       53         74          0  
       53         75          0  
       53         76   0.432042  
       53         77   0.740946  
       53         78   0.804346  
       53         79   0.853557  
       53         80   0.894689  
       53         81   0.918381  
       53         82   0.933513  
       53         83     0.9343  
       53         84   0.928793  
       53         85   0.910632  
       53         86   0.889234  
       53         87   0.856901  
       53         88    0.81871  
       53         89   0.765075  
       53         90    0.69699  
       53         91   0.644967  
       53         92    0.53193  
       53         93   0.460811  
       53         94   0.441849  
       53         95          0  
       54         71          0  
       54         72          0  
       54         73          0  
       54         74          0  
       54         75          0  
       54         76   0.579241  
       54         77   0.664542  
       54         78   0.742917  
       54         79   0.806722  
       54         80   0.859212  
       54         81   0.895402  
       54         82   0.921982  
       54         83   0.933891  
       54         84   0.939266  
       54         85   0.935056  
       54         86   0.926841  
       54         87   0.907255  
       54         88   0.879497  
       54         89   0.841873  
       54         90   0.795994  
       54         91    0.73831  
       54         92   0.673334  
       54         93   0.648228  
       54         94   0.509145  
       54         95   0.441387  
       54         96          0  
       55         73          0  
       55         74          0  
       55         75          0  
       55         76    0.45263  
       55         77   0.554475  
       55         78   0.648604  
       55         79   0.725161  
       55         80   0.791297  
       55         81   0.839841  
       55         82   0.878097  
       55         83   0.901562  
       55         84   0.920565  
       55         85   0.928267  
       55         86   0.931428  
       55         87   0.920717  
       55         88   0.907654  
       55         89   0.881303  
       55         90   0.849801  
       55         91   0.805639  
       55         92   0.777349  
       55         93   0.689944  
       55         94   0.632004  
       55         95   0.537062  
       55         96   0.453135  
       55         97   0.365314  
       56         75          0  
       56         76          0  
       56         77   0.381603  
       56         78    0.54678  
       56         79   0.637504  
       56         80   0.715992  
       56         81   0.776102  
       56         82   0.826629  
       56         83   0.864751  
       56         84    0.89654  
       56         85   0.916336  
       56         86   0.928134  
       56         87   0.931067  
       56         88   0.928291  
       56         89   0.914303  
       56         90   0.895701  
       56         91   0.863421  
       56         92    0.82646  
       56         93   0.776887  
       56         94   0.721767  
       56         95   0.659515  
       56         96   0.577837  
       56         97   0.479673  
       56         98   0.394918  
       57         76          0  
       57         77          0  
       57         78   0.411141  
       57         79          0  
       57         80   0.603256  
       57         81   0.675677  
       57         82   0.741143  
       57         83   0.792673  
       57         84   0.838011  
       57         85   0.867967  
       57         86   0.894546  
       57         87   0.908576  
       57         88   0.917011  
       57         89   0.915097  
       57         90   0.907084  
       57         91   0.887859  
       57         92    0.86429  
       57         93   0.828813  
       57         94   0.788636  
       57         95   0.732743  
       57         96    0.67029  
       57         97   0.597541  
       57         98   0.493037  
       57         99   0.416761  
       57        100   0.344395  
       58         77          0  
       58         78          0  
       58         79   0.330086  
       58         80   0.479822  
       58         81    0.56694  
       58         82   0.645755  
       58         83   0.711544  
       58         84   0.768039  
       58         85   0.814071  
       58         86   0.853824  
       58         87   0.879938  
       58         88   0.901756  
       58         89   0.910285  
       58         90   0.913538  
       58         91   0.907003  
       58         92   0.895485  
       58         93   0.873764  
       58         94   0.844239  
       58         95   0.801694  
       58         96   0.755261  
       58         97   0.699416  
       58         98   0.629284  
       58         99   0.550775  
       58        100   0.465807  
       58        101    0.37875  
       58        102          0  
       59         79          0  
       59         80          0  
       59         81   0.420015  
       59         82   0.513375  
       59         83   0.590741  
       59         84   0.663917  
       59         85   0.724589  
       59         86   0.776996  
       59         87   0.818491  
       59         88   0.852278  
       59         89   0.872732  
       59         90   0.889539  
       59         91    0.89395  
       59         92   0.894894  
       59         93   0.882805  
       59         94   0.864682  
       59         95   0.836525  
       59         96   0.806712  
       59         97   0.756734  
       59         98   0.705317  
       59         99   0.641072  
       59        100   0.569368  
       59        101   0.480416  
       59        102   0.376761  
       59        103   0.264026  
       60         81          0  
       60         82   0.368032  
       60         83   0.462408  
       60         84   0.551074  
       60         85   0.624336  
       60         86   0.693412  
       60         87   0.747938  
       60         88   0.794365  
       60         89   0.830431  
       60         90   0.859082  
       60         91   0.876794  
       60         92   0.887786  
       60         93   0.885619  
       60         94   0.879909  
       60         95   0.867419  
       60         96   0.842276  
       60         97   0.810011  
       60         98   0.772157  
       60         99   0.720751  
       60        100   0.658942  
       60        101    0.58314  
       60        102   0.476549  
       60        103   0.393406  
       60        104          0  
       61         83          0  
       61         84   0.399323  
       61         85   0.490135  
       61         86   0.572613  
       61         87   0.639738  
       61         88   0.703231  
       61         89   0.751709  
       61         90    0.79509  
       61         91    0.82491  
       61         92   0.846524  
       61         93   0.856715  
       61         94    0.86668  
       61         95    0.85763  
       61         96   0.848664  
       61         97    0.82857  
       61         98   0.802378  
       61         99   0.760072  
       61        100   0.710232  
       61        101   0.624117  
       61        102   0.567652  
       61        103    0.48333  
       61        104   0.395357  
       61        105   0.290901  
       62         84          0  
       62         85          0  
       62         86    0.44017  
       62         87   0.525331  
       62         88   0.601141  
       62         89   0.664963  
       62         90   0.722026  
       62         91   0.763185  
       62         92   0.798097  
       62         93   0.825923  
       62         94   0.840264  
       62         95   0.847441  
       62         96   0.849788  
       62         97   0.839938  
       62         98   0.821356  
       62         99   0.789134  
       62        100   0.728599  
       62        101    0.69121  
       62        102   0.633076  
       62        103   0.565125  
       62        104   0.503424  
       62        105    0.41811  
       62        106          0  
       63         86          0  
       63         87          0  
       63         88   0.463059  
       63         89   0.541623  
       63         90   0.609988  
       63         91   0.664636  
       63         92    0.71888  
       63         93   0.752495  
       63         94   0.784571  
       63         95   0.804346  
       63         96   0.817516  
       63         97   0.814906  
       63         98   0.804728  
       63         99   0.760808  
       63        100   0.747088  
       63        101   0.706874  
       63        102   0.664159  
       63        103   0.621238  
       63        104   0.562143  
       63        105   0.491149  
       63        106   0.416141  
       63        107   0.325927  
       64         87          0  
       64         88          0  
       64         89   0.405307  
       64         90   0.486891  
       64         91   0.561973  
       64         92   0.622592  
       64         93    0.67488  
       64         94   0.720778  
       64         95   0.752876  
       64         96    0.77476  
       64         97   0.781074  
       64         98   0.759884  
       64         99   0.761586  
       64        100   0.743619  
       64        101   0.717375  
       64        102   0.697817  
       64        103   0.656959  
       64        104   0.611435  
       64        105    0.55592  
       64        106   0.487569  
       64        107   0.406286  
       64        108   0.326458  
       65         89          0  
       65         90          0  
       65         91   0.400379  
       65         92   0.494046  
       65         93   0.560702  
       65         94   0.619693  
       65         95    0.66153  
       65         96    0.69308  
       65         97   0.690511  
       65         98   0.715746  
       65         99   0.713932  
       65        100   0.709758  
       65        101   0.705136  
       65        102   0.686835  
       65        103   0.658041  
       65        104   0.626757  
       65        105   0.576938  
       65        106   0.521346  
       65        107   0.459098  
       66         91          0  
       66         92          0  
       66         93   0.435539  
       66         94   0.504709  
       66         95   0.556379  
       66         96   0.580483  
       66         97   0.624873  
       66         98   0.648066  
       66         99   0.661563  
       66        100   0.679641  
       66        101    0.67718  
       66        102   0.670398  
       66        103   0.654677  
       66        104   0.627575  
       66        105   0.589167  
       66        106   0.551369  
       67         93          0  
       67         94          0  
       67         95   0.392694  
       67         96   0.463777  
       67         97   0.506801  
       67         98   0.546219  
       67         99   0.582697  
       67        100   0.604973  
       67        101   0.615517  
       67        102   0.622749  
       67        103   0.611365  
       67        104   0.594825  
       67        105   0.572811  
       68         95          0  
       68         96          0  
       68         97   0.380661  
       68         98    0.44309  
       68         99   0.485136  
       68        100   0.521479  
       68        101   0.547326  
       68        102   0.560371  
       68        103   0.560919  
       68        104   0.561453  
       69         97          0  
       69         98          0  
       69         99   0.351852  
       69        100   0.402733  
       69        101   0.435331  
       69        102   0.461458  
       69        103   0.480469  
       70         98          0  
       70         99          0  
       70        100          0  
       70        101   0.315172  
       70        102   0.359996  
       71        101          0  
